image: my_map.pgm
mode: trinary
resolution: 0.05
origin: [-2.524999976158142, -3.0250000953674316, 0.0]
negate: 0
occupied_thresh: 0.65
free_thresh: 0.196
